2222222222222222222222222222222222222222222222222222222222222222222222222222222222222
22
22
22
22
22
22
22
22
22
22
22
22
22
22
22
22
22
22
22
22
22
22
22
22
22
22
22
22
22
22
22
22
22
22
22
22
22
22
22
22
22
22
22
22
22
228, 0 1, 1 1, 0 3, 1 2
233, 0 1, 1 2
22
234, 0 1, 1 2
230, 0 1, 1 5, 0 1, 1 2
226, 0 1, 1 2
239, 0 1, 1 2
223, 0 1, 1 13, 0 1, 1 2
22
220, 0 1, 1 19, 0 1, 1 2
226, 0 1, 1 2, 0 1, 1 1, 0 1, 1 6, 0 1, 1 2
223, 0 1, 1 9, 0 2, 1 34, 0 2, 1 1, 0 1, 1 2
221, 0 1, 1 19, 0 1, 1 24, 0 1, 1 5, 0 1, 1 2
218, 0 1, 1 16, 0 1, 1 4, 0 1, 1 23, 0 1, 1 9, 0 1, 1 2
219, 0 1, 1 15, 0 1, 1 2
261, 0 1, 1 12, 0 1, 1 2
218, 0 1, 1 16, 0 1, 1 4, 0 1, 1 1, 0 1, 1 2
275, 0 1, 1 2
218, 0 1, 1 16, 0 1, 1 21, 0 1, 1 2
241, 0 1, 1 33, 0 1, 1 2
218, 0 1, 1 15, 0 1, 1 8, 0 1, 1 2
218, 0 1, 1 22, 0 1, 1 11, 0 1, 1 21, 0 1, 1 2
233, 0 1, 1 2
219, 0 1, 1 23, 0 1, 1 30, 0 1, 1 2
232, 0 1, 1 7, 0 1, 1 2
250, 0 1, 1 23, 0 1, 1 2
220, 0 1, 1 9, 0 1, 1 8, 0 1, 1 2
222, 0 1, 1 6, 0 1, 1 13, 0 1, 1 29, 0 1, 1 2
223, 0 2, 1 1, 0 2, 1 10, 0 1, 1 7, 0 1, 1 26, 0 1, 1 2
225, 0 1, 1 11, 0 1, 1 2
227, 0 1, 1 7, 0 1, 1 7, 0 2, 1 27, 0 1, 1 2
230, 0 1, 1 1, 0 2, 1 37, 0 1, 1 2
22
242, 0 2, 1 26, 0 1, 1 2
241, 0 1, 1 26, 0 2, 1 2
222, 0 1, 1 20, 0 1, 1 2
222, 0 1, 1 17, 0 1, 1 2
222, 0 1, 1 17, 0 1, 1 1, 0 1, 1 2
240, 0 2, 1 2
222, 0 1, 1 2
22
222, 0 1, 1 2
22
222, 0 1, 1 2
22
222, 0 1, 1 2
22
22
222, 0 1, 1 2
22
222, 0 1, 1 2
22
22
222, 0 1, 1 2
22
22
222, 0 1, 1 2
22
222, 0 1, 1 2
22
223, 0 1, 1 2
22
22
22
22
22
22
22
22
22
22
22
22
22
22
22
22
22
22
22
22
22
22
22
22
22
22
22
22
22
22
22
22
22
22
22
22
22
2222222222222222222222222222222222222222222222222222222222222222222222222222222222222
